team 14





6500		
  7.1190e+000  2.8606e+002
  6.8670e+000  2.4921e+002
  6.4260e+000  2.5360e+002
  5.9535e+000  2.5995e+002
  5.5860e+000  2.6464e+002
  5.1240e+000  2.7566e+002
  4.7250e+000  2.8373e+002
  4.2735e+000  2.9501e+002
  3.8640e+000  3.1135e+002
  3.4335e+000  3.2736e+002
  3.0030e+000  3.4746e+002
  2.5725e+000  3.7900e+002
  2.1420e+000  4.2005e+002
  1.7115e+000  4.8388e+002
  1.2810e+000  5.9369e+002
  8.5050e-001  8.3141e+002		

6000		
  7.7910e+000  2.5491e+002
  7.2555e+000  2.2189e+002
  6.8040e+000  2.2565e+002
  6.3840e+000  2.3081e+002
  5.9640e+000  2.3502e+002
  5.5440e+000  2.4067e+002
  5.1240e+000  2.4743e+002
  4.7145e+000  2.5663e+002
  4.2735e+000  2.6553e+002
  3.8535e+000  2.7465e+002
  3.4545e+000  2.9070e+002
  2.9820e+000  3.1434e+002
  2.5620e+000  3.3098e+002
  2.1315e+000  3.6864e+002
  1.7430e+000  4.1204e+002
  1.2810e+000  5.0983e+002
  8.5050e-001  6.9284e+002		

5500		
  8.2530e+000  2.3516e+002
  8.1270e+000  2.2994e+002
  7.6650e+000  2.1752e+002
  7.2555e+000  2.1342e+002
  6.8250e+000  2.1511e+002
  6.4155e+000  2.1803e+002
  5.9640e+000  2.2250e+002
  5.4600e+000  2.3123e+002
  5.1240e+000  2.3405e+002
  4.7040e+000  2.4040e+002
  4.2630e+000  2.4976e+002
  3.8430e+000  2.5986e+002
  3.4335e+000  2.7516e+002
  3.0135e+000  2.9161e+002
  2.5515e+000  3.1660e+002
  2.1315e+000  3.5139e+002
  1.7220e+000  3.9959e+002
  1.3020e+000  4.8346e+002
  8.5050e-001  6.6598e+002
		
5000		
  8.9250e+000  2.2847e+002
  8.4000e+000  2.0306e+002
  7.6650e+000  2.0585e+002
  7.2555e+000  2.0739e+002
  6.8250e+000  2.0898e+002
  6.3945e+000  2.1308e+002
  5.9955e+000  2.1616e+002
  5.5335e+000  2.2338e+002
  5.1345e+000  2.2820e+002
  4.6935e+000  2.3722e+002
  4.2630e+000  2.4618e+002
  3.8220e+000  2.5690e+002
  3.4755e+000  2.6582e+002
  2.9820e+000  2.8706e+002
  2.5410e+000  3.1058e+002
  2.1210e+000  3.4474e+002
  1.6905e+000  3.9930e+002
  1.3125e+000  4.7265e+002
  8.5050e-001  6.6826e+002		
4500		
  9.4815e+000  2.2005e+002
  8.9565e+000  1.9700e+002
  8.5365e+000  2.0144e+002
  8.1165e+000  1.9989e+002
  7.6440e+000  2.0148e+002
  7.2765e+000  2.0160e+002
  6.8040e+000  2.0592e+002
  6.3945e+000  2.0912e+002
  5.9850e+000  2.1222e+002
  5.5335e+000  2.1831e+002
  5.0820e+000  2.2510e+002
  4.7145e+000  2.3167e+002
  4.2525e+000  2.3964e+002
  3.8535e+000  2.4938e+002
  3.3705e+000  2.6645e+002
  3.0240e+000  2.7868e+002
  2.5515e+000  3.0185e+002
  2.1315e+000  3.3396e+002
  1.6590e+000  3.9396e+002
  1.2600e+000  4.6872e+002
  8.5050e-001  6.3445e+002
		
4000		
  9.6285e+000  2.1827e+002
  9.4080e+000  2.1773e+002
  8.9145e+000  2.0017e+002
  8.5470e+000  2.0054e+002
  8.0955e+000  1.9954e+002
  7.6335e+000  2.0063e+002
  7.2240e+000  2.0042e+002
  6.8670e+000  2.0357e+002
  6.4050e+000  2.0540e+002
  5.9640e+000  2.1116e+002
  5.5545e+000  2.1618e+002
  5.1555e+000  2.2002e+002
  4.6935e+000  2.2700e+002
  4.2630e+000  2.3675e+002
  3.8430e+000  2.4595e+002
  3.4230e+000  2.5818e+002
  2.9820e+000  2.7508e+002
  2.5935e+000  2.9929e+002
  2.1525e+000  3.3304e+002
  1.7430e+000  3.7871e+002
  1.2915e+000  4.6879e+002
  8.5050e-001  6.5101e+002		

3500		
  9.6075e+000  2.1668e+002
  9.3975e+000  2.1448e+002
  8.9460e+000  2.0137e+002
  8.5365e+000  1.9693e+002
  8.0850e+000  1.9591e+002
  7.6650e+000  1.9634e+002
  7.2975e+000  1.9707e+002
  6.7935e+000  2.0038e+002
  6.3945e+000  2.0402e+002
  5.9640e+000  2.0739e+002
  5.5440e+000  2.1125e+002
  5.1240e+000  2.1728e+002
  4.7250e+000  2.2358e+002
  4.2735e+000  2.3164e+002
  3.8430e+000  2.4340e+002
  3.4125e+000  2.5603e+002
  2.9610e+000  2.7242e+002
  2.5935e+000  2.9413e+002
  2.2050e+000  3.2051e+002
  1.7010e+000  3.7698e+002
  1.2495e+000  4.6909e+002
  9.0300e-001  6.0464e+002

3250		
  9.6705e+000  2.1488e+002
  9.3765e+000  2.0196e+002
  8.9565e+000  1.9895e+002
  8.5365e+000  1.9277e+002
  8.0640e+000  1.9252e+002
  7.6755e+000  1.9730e+002
  7.2555e+000  1.9871e+002
  6.8250e+000  1.9963e+002
  6.3945e+000  2.0172e+002
  5.9745e+000  2.0608e+002
  5.5440e+000  2.1122e+002
  5.1240e+000  2.1387e+002
  4.6935e+000  2.2197e+002
  4.2630e+000  2.2975e+002
  3.8430e+000  2.3969e+002
  3.4440e+000  2.5090e+002
  2.9820e+000  2.7018e+002
  2.5830e+000  2.9065e+002
  2.1315e+000  3.2127e+002
  1.7115e+000  3.7649e+002
  1.3020e+000  4.4934e+002
  8.5050e-001  6.4679e+002		

3000		
  9.5130e+000  2.1214e+002
  9.4185e+000  2.0904e+002
  8.9775e+000  2.0248e+002
  8.5365e+000  1.9367e+002
  8.1060e+000  1.9202e+002
  7.7175e+000  1.9197e+002
  7.2870e+000  1.9311e+002
  6.8250e+000  1.9699e+002
  6.3945e+000  1.9862e+002
  5.9745e+000  2.0420e+002
  5.5755e+000  2.0649e+002
  5.1240e+000  2.1340e+002
  4.6935e+000  2.2152e+002
  4.2630e+000  2.2903e+002
  3.8430e+000  2.3937e+002
  3.4125e+000  2.4707e+002
  2.9820e+000  2.6444e+002
  2.6145e+000  2.8444e+002
  2.1630e+000  3.2036e+002
  1.7115e+000  3.6995e+002
  1.3440e+000  4.4130e+002
  9.0300e-001  6.0183e+002		

2500		
  9.3345e+000  2.1128e+002
  8.9565e+000  2.0012e+002
  8.5365e+000  1.9695e+002
  8.1060e+000  1.9245e+002
  7.6755e+000  1.9269e+002
  7.2555e+000  1.9332e+002
  6.8250e+000  1.9638e+002
  6.4050e+000  1.9922e+002
  5.9745e+000  2.0158e+002
  5.5440e+000  2.0466e+002
  5.1240e+000  2.1083e+002
  4.7040e+000  2.1800e+002
  4.2630e+000  2.2339e+002
  3.8430e+000  2.3433e+002
  3.4335e+000  2.4272e+002
  2.9925e+000  2.5817e+002
  2.5095e+000  2.8493e+002
  2.1630e+000  3.0757e+002
  1.7745e+000  3.5145e+002
  1.3020e+000  4.3759e+002
  8.9250e-001  6.1542e+002
		
2000		
  8.8410e+000  2.1832e+002
  8.6625e+000  2.1047e+002
  8.1795e+000  1.9905e+002
  7.6965e+000  1.9859e+002
  7.2555e+000  2.0012e+002
  6.8250e+000  2.0000e+002
  6.3945e+000  2.0288e+002
  5.9745e+000  2.0561e+002
  5.5440e+000  2.0694e+002
  5.1660e+000  2.1356e+002
  4.6935e+000  2.1748e+002
  4.2630e+000  2.2825e+002
  3.8745e+000  2.3410e+002
  3.4335e+000  2.4389e+002
  3.0030e+000  2.6070e+002
  2.5830e+000  2.7698e+002
  2.2155e+000  3.0469e+002
  1.7115e+000  3.5884e+002
  1.2915e+000  4.2854e+002
  8.5050e-001  6.0787e+002		

1500		
  8.5785e+000  2.1689e+002
  8.1270e+000  2.0623e+002
  7.6755e+000  2.0451e+002
  7.2555e+000  2.0424e+002
  6.8250e+000  2.0589e+002
  6.3945e+000  2.0706e+002
  5.9955e+000  2.0594e+002
  5.5650e+000  2.1333e+002
  5.0925e+000  2.1447e+002
  4.7040e+000  2.2004e+002
  4.2735e+000  2.3051e+002
  3.8745e+000  2.3611e+002
  3.4335e+000  2.4714e+002
  3.0345e+000  2.6292e+002
  2.5935e+000  2.7521e+002
  1.7115e+000  3.6080e+002
  1.2390e+000  4.6053e+002
  9.5550e-001  5.5091e+002		

1000		
  5.9850e+000  2.2011e+002
  5.5440e+000  2.2083e+002
  5.1240e+000  2.2485e+002
  4.6935e+000  2.2960e+002
  4.2630e+000  2.4001e+002
  3.9060e+000  2.4318e+002
  3.4125e+000  2.5099e+002
